23
516
15.0 −2
10.0
21
507
12.8 1−2.0
7.8 0.0
19
538
12.4 3−3.0
9.2 2.0
22
23
29
20
23
23
15
19
525
11.6 4−2.0
7.8 1.0
484
11.2 40.0
6.7 0.0
15
557
13.6 30.0
4.6 −3.0
427
10.8 10.0
6.8 −4.0
559
18.8 01.0
8.8 −7.0
16
8
17
12
591
19.4 22.0
5.4 −8.0
13
10
581
16.0 2−1.0
9.0 −2.0
559
18.4 10.0
14.9 −1.0
551
12.8 42.0
6.8 0.0
573
18.0
13.6
10
14
12
13
16
15
10
588
19.0 21.0
12.0 −1.0
582
17.6 22.0
2.6 −6.0
12
10
569
18.4 1−1.0
12.4 6.0
582
19.2 11.0
12.2 −3.0
17
12
588
19.4 21.0
12.4 6.0
10
14
6
524
12.6 33.0
8.5 1.0
584
18.4 21.0
13.9 5.0
13
14
15
557
14.8 23.0
4.8 −4.0
572
15.8 22.0
8.8 8.0
6.0 −2.0
9
573
19.2 12.0
14.4 0.0
10
14
16
14
8
8
573
17.6 22.0
13.7 0.0
27
5
4
556
15.4 11.0
11.1 8.0
14
585
19.4 22.0
14.5 3.0
581
19.6 11.0
13.6 0.0
27
451
15.6 13.0
9.6 3.0
580
19.0 22.0
13.0 0.0
12
17
16
8
9
6
26
571
19.6 10.0
14.6 2.0
21
17
577
19.4 10.0
15.4 3.0
532
16.4 13.0
4.4 −6.0
532
18.8 14.0
9.8 7.0
18
558
20.4 13.0
13.4 2.0
15
16
5
545
16.2 1−2.0
13.7 14.0
13
10
25
572
20.2 10.0
16.5 4.0
16
568
19.0 1−1.0
16.7 3.0
444
12.6 2−4.0
2.6 −7.0
8
10
21
10
14
566
20.0 00.0
15.0 0.0
7
563
20.8 10.0
18.6 2.0
16
524
19.4 20.0
5.4 −7.0
16
498
11.6 4−6.0
4.6 −9.0
21
23
542
21.6 10.0
15.6 0.0
12
6
12
19
10
8
9
529
21.0 2−4.0
16.7 14.0
13
18
8
12
556
22.0 00.0
15.0 5.0
543
19.6 00.0
12.6 1.0
14
548
21.6 01.0
7.6 −4.0
545
22.0 00.0
12.0 −1.0
18
525
13.2 1−5.0
1.2 −4.0
17
19
15
20
17
6
6
17
19
14
15
442
9.2 33.0
2.2 0.0
518
26.0 11.0
15.0 0.0
520
12.6 11.0
−2.4 −2.0
19
17
510
22.8 2−5.0
16.8 7.0
4
19
23
17
12
533
24.4 −1
3.0
13.4 0.0
14
17
520
25.8 03.0
11.8 1.0
527
25.8 03.0
10.8 −1.0
490 00.0
0.0
493
18.6 −2
6.0
0.6 6.0
13
4
516 00.0
0.0
6
510
20.8 06.0
6.8 2.0
463
14
4
10
19
516
21.4 02.0
15.4 2.0
475
33.6 −3
14.0
−1.4 −5.0
498
20.2 −1
5.0
−5.8 −9.0
12
488
30.2 05.0
4.2 1.0
4
                         850 MB 170821/0000
9
8
8
514
25.4 −1
2.0
9.4 −1.0
10
516
25.4
4.4
516
25.4 11.0
4.4 2.0
527
16.8 02.0
−2.2 −1.0
−110
−100
−90
−80
513
21.4 03.0
−2.6 −5.0
5.5 4.0
480 −2
0.0
0.0
6
13
498
28.4 03.0
4.4 −3.0
14
13
8
19
19
25
548
10.8 0−1.0
−3.2 −11.0
487 −2
0.0
0.0
543
9.4 13.0
7.7 1.0
486
8.6 10.0
2.6 3.0
545
14.2 0−1.0
6.2 11.0
10
505
19.6 0−1.0
−9.4 −8.0
8
10
524
20.0 05.0
3.0 −4.0
8
7
28
502
22.0 1−1.0
1.0 0.0
30
40
