53503
53503
Greenup Water Intake
2687
2687
2686
2686
51241
51241
SWAPP Protection Area
2663
2663
18428
18428
14967
14967
2695
2695
49203
49203
8841
8841
57385
57385
2656
2656
58493
58493
2692
2692
37693
37693
2675
2675
23
58760
58760
2698
2698
13717
13717
2674
2674
8836
8836
8508
8508
2672
2672
58776
58776
53256
53256
WW 0715
WW 0715
52267
52267
50941
50941
51888
51888
51513
51513
2664
2664
48990
48990
37827
37827
59508
59508
3307
38976
38976
37839
37839
OHIO
OHIO
55665
55665
12755
12755
13225
13225
54393
54393
60156
60156
8839
8839
9955
9955
12675
12675
54983
54983
58918
58918
10829
10829
12676
12676
51097
51097
56753
56753
12177
12177
2
12588
12588
50914
50914
39798
39798
2433
49817
49817
59108
59108
8838
8838
2676
2676
59906
59906
2679
2679
52889
52889
8171
8171
8833
8833
17487
17487
12603
12603
52294
52294
51004
51004
8835
8835
8840
8840
2684
2684
8566
8566
8507
8507
1
8834
8834
14582
14582
58871
58871
2673
2673
8505
8505
53522
53522
18252
18252
50754
50754
48778
48778
1459
2
58771
58771
207
2680
2680
39052
39052
2669
2669
60865
60865
2681
2681
29235
29235
1458
52264
52264
2648
2648
27346
27346
35018
35018
16191
16191
27344
27344
2670
2670
1711
14243
14243
27345
27345
24707
24707
27347
27347
503
24706
24706
24705
24705
24703
24703
15910
15910
26153
26153
35810
35810
27336
27336
2652
2652
35829
35829
35796
35796
29243
29243
27331
27331
46874
46874
46873
46873
35678
35678
35828
35828
29234
29233 29234
29233
35826
35826
29240
29240
35391
35391
27339
27339
29232
29232
35812
35812
24654
24654
Greenup
29237
29237
34981
34981
27342
27342
35838
35838
35360
35360
29225
29225
35636
35636
35797
35797
29231
29231
35324
35324
35837
35837
29236
29236
26157
26156 26157
26156
Boyd
26976
26975 26976
26975
26974
26974
27335
27335
29224
29224
34962
34962
35365
35365
26971
26971
42603
42603
35356
35356
35839
35839
29242
29242
26966
26966
26155
26155
46300
46300
24708
24708
35724
35724
24653
24653
35811
35811
26154
26154
35008
35008
36422
36422
35836
35836
26973
26973
27327
27327
35827
35827
36244
36244
2649
2649
27330
27330
24709
24709
29946
29946
26970
26970
1
26972
26972
35597
35597
27333
27333
612
612
29955
29955
29228
29228
2671
2671
32067
32067
29954
29954
604
604
27328
27328
24528
24528
11935
11935
35633
35633
46249
46249
52262
52262
27337
27337
32224
32224
26967
26967
35185
35185
24526
24526
26982
26982
26979
26979
600
600
46647
46647
46250
46250
24527
24527
35705
35705
26981
26981
35270
35270
56875
56875
35704
35704
2678
2678
16377
16377
2650
2650
26965
26965
39861
39861
16373
16373
16578
16578
26983
26983
59897
59897
2688
2688
3306
16376
16376
2651
2651
12800
12800
38458
38458
39196
39196
596
596
50456
50456
48946
48946
55854
55854
27343
27343
599
599
56525
56525
52493
52493
Greenup
207
59326
59326
24525
24525
2653
2653
10294
10294
53248
53248
7303
7303
582
582
Legend
Carter
1291
1291
583
583
17231
17231
51368
51368
48485
48485
Intake
10543
10543
16368
16368
17226
17226
50094
50094
2654
2654
Potential Contaminant Source
16581
16581
Powerline
23979
23979
50955
50955
57840
57840
587
587
Railroads
Boyd
16375
16375
49053
49053
16360
16360
13798
13798
State Roads
12802
12802
52437
52437
578
577 578
577
13159
13159
Carter
Local Roads
1299
1299
1273
1273
8968
8968
17236
17236
Critical Zone
1272
1272
1310
1310
1200
1200
1278
1278
16369
16369
Zone of Responsibility
0
2.5
2.5
5
1.25
1.25
13597
13597
Zone of Potential Impact
17240
17240
50669
50669
1293
1293
16051
16051
53645
53645
Miles
Miles
1309
1309
1263
1262 1263
1262
56793
56793
11586
11586
